#This file contains viewpoints for a VMD script, view_change.tcl.
#Type 'source viewpoints_01.tcl' from the VMD command window to load these viewpoints.

set viewpoints(1,0,0) { {{0.894576 -0.25254 0.368721 0} {0.0737917 0.897178 0.435453 0} {-0.440777 -0.362336 0.821231 0} {0 0 0 1}} }
 
set viewpoints(1,0,1) { {{1 0 0 -22.703} {0 1 0 13.4484} {0 0 1 -12.2882} {0 0 0 1}} }
 
set viewpoints(1,0,2) { {{0.0107216 0 0 0} {0 0.0107216 0 0} {0 0 0.0107216 0} {0 0 0 1}} }
 
set viewpoints(1,0,3) { {{1 0 0 0} {0 1 0 0} {0 0 1 0} {0 0 0 1}} }
 
set viewpoints(2,0,0) { {{0.881652 -0.245906 0.402763 0} {0.0330624 0.883585 0.467095 0} {-0.470737 -0.398498 0.787146 0} {0 0 0 1}} }
 
set viewpoints(2,0,1) { {{1 0 0 -22.703} {0 1 0 13.4484} {0 0 1 -12.2882} {0 0 0 1}} }
 
set viewpoints(2,0,2) { {{0.0266681 0 0 0} {0 0.0266681 0 0} {0 0 0.0266681 0} {0 0 0 1}} }
 
set viewpoints(2,0,3) { {{1 0 0 0} {0 1 0 0} {0 0 1 0} {0 0 0 1}} }
 
set viewpoints(3,0,0) { {{0.914673 -0.282847 0.288748 0} {0.138957 0.890867 0.432485 0} {-0.379563 -0.355457 0.854156 0} {0 0 0 1}} }
 
set viewpoints(3,0,1) { {{1 0 0 -22.703} {0 1 0 13.4484} {0 0 1 -12.2882} {0 0 0 1}} }
 
set viewpoints(3,0,2) { {{0.0460641 0 0 0} {0 0.0460641 0 0} {0 0 0.0460641 0} {0 0 0 1}} }
 
set viewpoints(3,0,3) { {{1 0 0 0} {0 1 0 0} {0 0 1 0} {0 0 0 1}} }
 
set viewpoints(4,0,0) { {{0.826396 0.158739 0.540254 0} {-0.328763 0.91495 0.234049 0} {-0.457154 -0.371031 0.808299 0} {0 0 0 1}} }
 
set viewpoints(4,0,1) { {{1 0 0 -22.703} {0 1 0 13.4484} {0 0 1 -12.2882} {0 0 0 1}} }
 
set viewpoints(4,0,2) { {{0.0290998 0 0 0} {0 0.0290998 0 0} {0 0 0.0290998 0} {0 0 0 1}} }
 
set viewpoints(4,0,3) { {{1 0 0 0.07} {0 1 0 0.03} {0 0 1 0} {0 0 0 1}} }
 
set viewpoints(5,0,0) { {{0.965974 -0.0734215 0.247987 0} {-0.07252 0.843503 0.532205 0} {-0.248253 -0.532081 0.809479 0} {0 0 0 1}} }
 
set viewpoints(5,0,1) { {{1 0 0 -22.703} {0 1 0 13.4484} {0 0 1 -12.2882} {0 0 0 1}} }
 
set viewpoints(5,0,2) { {{0.0319271 0 0 0} {0 0.0319271 0 0} {0 0 0.0319271 0} {0 0 0 1}} }
 
set viewpoints(5,0,3) { {{1 0 0 -0.04} {0 1 0 0.07} {0 0 1 0} {0 0 0 1}} }
 
puts "\nLoaded viewpoints file viewpoints_01.tcl \n"

